# autogenerated: Do not edit #
bias_simple: [8.034571047518128, 2.8379363212631787, -70.51601327706737]
bias_w_sensitivity: [8.030697062173441, 2.7643481511172427, -59.89190797787745]
elipsoid_center: [8.024497796468694, 2.9279170071369798, -68.59508497414954]
elipsoid_transformation: [0.01196768929116241, -8.590229316351562e-05, -1.6392154385227057e-05,
  -8.590229316351562e-05, 0.012081502960518265, 0.00028243034020460425, -1.639215438522707e-05,
  0.0002824303402046046, 0.016976981297776753]
sensitivities: [0.02017725085549916, 0.020403927753732714, .nan]
