# autogenerated: Do not edit #
bias_simple: [12.101830516202844, 4.8882810576846225, 5.718544236553441]
bias_w_sensitivity: [11.781745676490155, 4.894429414535212, 4.66974977690984]
elipsoid_center: [11.719584577021466, 4.710216828664091, 4.762898391089689]
elipsoid_transformation: [0.012389357927936533, -0.0001300810126537578, -1.5332219946863682e-05,
  -0.00013008101265375867, 0.012464216634953923, 0.00025428935672472397, -1.533221994686352e-05,
  0.00025428935672472397, 0.013999313517086914]
sensitivities: [0.012249533801301487, 0.012295668660072525, 0.013769866239419013]
