# autogenerated: Do not edit #
bias_simple: [7.916991833105923, 11.536455188379875, -10.660146239439719]
bias_w_sensitivity: [7.717812092835595, 10.450331004696823, -11.595385302500212]
sensitivities: [0.012324824419911834, 0.012319056380779889, 0.013469193345318157]
