# autogenerated: Do not edit #
bias_simple: [8.157616061325598, 5.966302765783507, -0.7951292864238297]
bias_w_sensitivity: [8.470421494075076, 5.881425157176324, -2.3808032707219793]
elipsoid_center: [8.917227942941885, 5.113167179883153, -2.361171764530441]
elipsoid_transformation: [0.012318829918259434, -0.00010431100884614707, -9.666609656931399e-05,
  -0.00010431100884614707, 0.012517954308072874, 0.00026593238102211834, -9.66660965693142e-05,
  0.00026593238102211834, 0.013869594916311678]
sensitivities: [0.012310773564449748, 0.012448534857457378, 0.01375289230570389]
