# autogenerated: Do not edit #
bias_simple: [11.382000257723547, 4.00254131635139, -47.55925109174284]
bias_w_sensitivity: [11.393988105395312, 4.095778094041334, -52.90405576402552]
elipsoid_center: [11.071733128510294, 3.927864824525333, -50.43269215772592]
elipsoid_transformation: [0.018795763705624777, -0.00010841398467048742, 0.0010138723484207517,
  -0.00010841398467048916, 0.0189351977908197, 0.0003721710539738827, 0.0010138723484207517,
  0.0003721710539738827, 0.026605080788610198]
sensitivities: [0.02120174112214752, 0.02154542551485712, .nan]
