# autogenerated: Do not edit #
bias_simple: [8.154606180445157, 5.957858416034899, -0.8010803414381353]
bias_w_sensitivity: [8.466374093875292, 5.874699732359743, -2.3842343367849685]
sensitivities: [0.01231199457187845, 0.012447463667072518, 0.013752473570747669]
