# autogenerated: Do not edit #
bias_simple: [8.369994263940647, -8.643494534505471, -25.877695431604096]
bias_w_sensitivity: [7.39248659111165, -10.82862272046333, -81.17627958687162]
sensitivities: [0.022857171491875532, 0.02646164188390486, .nan]
