# autogenerated: Do not edit #
bias_simple: [-0.012291006099548552, 0.2058137872158236, 0.17118601664607008]
bias_w_sensitivity: [-0.01311053377966502, 0.20290281588822584, 0.15837564445001295]
sensitivities: [1.1062781870451601, 1.0731382837436172, 1.1669805447125756]
