# autogenerated: Do not edit #
bias_simple: [0.023660223635677626, 0.3328810981583136, -0.4414815341977226]
bias_w_sensitivity: [0.02374718467002228, 0.33199023871859235, -0.9963251167119891]
sensitivities: [2.3104381071195235, 2.565540542235674, .nan]
