# autogenerated: Do not edit #
bias_simple: [-0.04151569509386978, 0.19360091749111014, -0.5159398846474613]
bias_w_sensitivity: [-0.040974654040691574, 0.19544073213201038, -0.5730776939294566]
elipsoid_center: [-0.041062093018353465, 0.19437102281632704, -0.5372439155143535]
elipsoid_transformation: [1.9274267133041114, -0.017900617366452407, -0.0032716803830165064,
  -0.017900617366452296, 1.8862918242899434, 0.021303059898549234, -0.00327168038301651,
  0.02130305989854924, 2.6967494154750224]
sensitivities: [1.7586591375120662, 1.7083364990463972, .nan]
