# autogenerated: Do not edit #
bias_simple: [-0.006486979939206395, 0.20963398062783503, -0.5856032956272267]
bias_w_sensitivity: [-0.006214173665964485, 0.21055003663942995, -0.5074919503542138]
elipsoid_center: [-0.006084023692615815, 0.20970598366125295, -0.571354553295669]
elipsoid_transformation: [1.599495666229508, -0.007150067489994805, 0.006094964128796371,
  -0.007150067489994805, 1.5860501785154004, -0.011786972164339476, 0.006094964128796376,
  -0.011786972164339476, 2.2514986785453943]
sensitivities: [1.8261738946884445, 1.80089488762602, .nan]
