# autogenerated: Do not edit #
bias_simple: [0.2903140914790525, 0.0681911716184958, -0.8275626729587442]
bias_w_sensitivity: [0.2893685192809125, 0.0694719811037663, -0.7391584242584693]
elipsoid_center: [0.2878757796896151, 0.0721401403861977, -0.6954051490036668]
elipsoid_transformation: [1.0652323028824298, 0.0470983527783255, -0.01949812379215963,
  0.04709835277832544, 1.1904636936728434, 0.0007489934966127222, -0.01949812379215963,
  0.0007489934966127239, 1.5967133021999924]
sensitivities: [1.8075344121881056, 2.002987739619831, .nan]
