# autogenerated: Do not edit #
bias_simple: [-0.011734672818054417, 0.21137671779141015, 0.1456299825832461]
bias_w_sensitivity: [-0.009401879729887666, 0.2120446973333602, 0.13911363754093659]
elipsoid_center: [-0.009286349036166914, 0.21181378849006263, 0.13858477366796917]
elipsoid_transformation: [1.1266222487599111, -0.009682773317333767, 0.005605120231451974,
  -0.009682773317333766, 1.104401903633912, 0.009194775745857212, 0.005605120231451988,
  0.009194775745857212, 1.2035625120272186]
sensitivities: [1.0857961883665055, 1.0580717074321178, 1.1533737856817494]
