# autogenerated: Do not edit #
bias_simple: [-0.2336766038805758, 0.20797137829827533, 0.12552915230710168]
bias_w_sensitivity: [-0.23382843519191004, 0.20156807434648227, 0.12605214915054858]
sensitivities: [1.2165472139857925, 1.1314664637530965, 1.1914826817117246]
