# autogenerated: Do not edit #
bias_simple: [-0.10316840194132364, 0.21446806049606526, 0.18686299163004227]
bias_w_sensitivity: [-0.10282015459340292, 0.20740487013332445, 0.18098874118030356]
sensitivities: [1.298934816297932, 1.2181825969639728, 1.3355115351360496]
