# autogenerated: Do not edit #
bias_simple: [-0.012241768947018998, 0.2059310325655232, 0.17127152608220841]
bias_w_sensitivity: [-0.01301667080394322, 0.20305290217255598, 0.15845566344697468]
elipsoid_center: [-0.013874383341828025, 0.20078355641481127, 0.1565319953133553]
elipsoid_transformation: [1.1468110296380702, -0.0082888892073875, 0.006362751159752378,
  -0.0082888892073875, 1.1205915091517853, 0.0074378794865853776, 0.006362751159752392,
  0.0074378794865853914, 1.2216750637338412]
sensitivities: [1.106087986698062, 1.073309668706217, 1.1670478086512373]
