# autogenerated: Do not edit #
bias_simple: [0.2882038893811051, 0.06806929112007787, -0.8376096131246497]
bias_w_sensitivity: [0.28729287685176963, 0.07365588618010427, -0.7429792239593244]
elipsoid_center: [0.28699091275460864, 0.0756201242509211, -0.6833072117415249]
elipsoid_transformation: [1.0936806154758099, 0.04827383785907495, -0.017832918170775702,
  0.04827383785907495, 1.2142285739506038, -0.01092061555560856, -0.017832918170775702,
  -0.01092061555560856, 1.6341948130819106]
sensitivities: [1.8085920213940985, 1.9863462925041682, .nan]
