# autogenerated: Do not edit #
bias_simple: [0.25428734589199853, -0.10287657544782615, -0.27985808074721835]
bias_w_sensitivity: [0.2550140529223404, -0.09989429981731661, -0.01011058613498544]
elipsoid_center: [0.25255748923583865, -0.08980118757361077, 0.0391563285864234]
elipsoid_transformation: [4.533045451528598, 0.35863492283197557, 0.10348399794491414,
  0.35863492283197557, 5.230153829665349, -0.3195493545798167, 0.1034839979449142,
  -0.3195493545798167, 6.951542660318786]
sensitivities: [7.196278789639593, 7.95713984196042, 58.2931218221705]
