# autogenerated: Do not edit #
bias_simple: [0.1305039311821194, -0.03306086761640616, 0.05252627749747823]
bias_w_sensitivity: [0.13084135022228782, -0.032348384867087646, 0.05842404023535008]
elipsoid_center: [0.13118551179037488, -0.03231501306437167, 0.06312536015322703]
elipsoid_transformation: [12.270919923186447, 0.11207505048263622, -0.48421922782324706,
  0.11207505048263666, 11.94911705741599, -0.047582569790643486, -0.48421922782324706,
  -0.047582569790643486, 17.15518531667078]
sensitivities: [7.505166056528667, 7.304170425829896, 39.14943014911778]
