# autogenerated: Do not edit #
bias_simple: [0.13417756897744912, -0.041454150947508206, 0.005435126916679974]
bias_w_sensitivity: [0.13481188224363097, -0.04037715118732704, 0.04218889215472872]
elipsoid_center: [0.1345904279247768, -0.04019177764787914, 0.03614181838264719]
elipsoid_transformation: [46.58142350306917, 0.5119359864769303, -0.1553211203065888,
  0.5119359864769303, 45.18699928956968, 0.8543319826038593, -0.15532112030658873,
  0.8543319826038591, 64.8900219681016]
sensitivities: [6.82888773507429, 6.621323978670444, 32.45408021484744]
