# autogenerated: Do not edit #
bias_simple: [0.0506740490406095, -0.009829354637978918, 0.3405618582569449]
bias_w_sensitivity: [0.05111716714887247, -0.010816635069761863, 0.3400989906532656]
sensitivities: [4.52270482528689, 4.347998288586868, 4.532951034319232]
