# autogenerated: Do not edit #
bias_simple: [0.13051155388714042, -0.033276789920439566, 0.22821668210706428]
bias_w_sensitivity: [0.13005147109087387, -0.03340609793894564, 0.22817145373378492]
elipsoid_center: [0.127972038483327, -0.03377249609328405, 0.22729328897955178]
elipsoid_transformation: [7.268957580396728, 0.07284048218838146, 0.09650401079257831,
  0.07284048218838146, 7.103144463008738, 0.008695937279113775, 0.09650401079257809,
  0.008695937279113775, 7.182315817026316]
sensitivities: [4.428712853344866, 4.355625873121088, 4.388183511364295]
