# autogenerated: Do not edit #
bias_simple: [0.1305055932655399, -0.033293616945458154, 0.22820374616176162]
bias_w_sensitivity: [0.13003697868520386, -0.03342966253971319, 0.22815751756707137]
sensitivities: [4.4293312683562815, 4.355247725561476, 4.38788593556145]
