# autogenerated: Do not edit #
bias_simple: [0.1305526592586174, -0.03683559987798502, 0.22262236258342952]
bias_w_sensitivity: [0.13066764677742368, -0.036558045762272715, 0.22269951500285512]
elipsoid_center: [0.13072155883320313, -0.03686246516891447, 0.2225956802223148]
elipsoid_transformation: [7.694793177209629, 0.05063175418339427, 0.07160960638718622,
  0.050631754183394495, 7.4793402918446645, 0.057706214819248425, 0.07160960638718711,
  0.05770621481924865, 7.651556357098241]
sensitivities: [4.427421417065394, 4.285693745745809, 4.378051884751907]
