# autogenerated: Do not edit #
bias_simple: [0.2547476785136654, -0.10382188513738277, -0.29248251863970587]
bias_w_sensitivity: [0.2551995006093797, -0.10122626275853105, -0.010660584077369603]
elipsoid_center: [0.25373117361745995, -0.09303465367497797, 0.031892894710504785]
elipsoid_transformation: [4.504335844976594, 0.35185565346813596, 0.0883074205724493,
  0.3518556534681362, 5.217465553345077, -0.22813619056043022, 0.0883074205724493,
  -0.22813619056043033, 6.919799346217078]
sensitivities: [7.168503362371704, 8.016762716760173, 55.2076579414649]
