# autogenerated: Do not edit #
bias_simple: [-0.18986831357466133, 0.2958897373727609, -0.5632154827867453]
bias_w_sensitivity: [-0.3476494763183559, 0.24514981663940563, -0.4925863461950983]
sensitivities: [0.010095205076005715, 0.010033033524670443, 0.009955706946240657]
