# autogenerated: Do not edit #
bias_simple: [11.346369049420892, 2.5444115640895575, 17.266234869741197]
bias_w_sensitivity: [11.378084993220746, 2.5524068746873945, 17.195471942120154]
elipsoid_center: [11.367977320886359, 2.5305331784560225, 17.140494730785267]
elipsoid_transformation: [0.010125019224110307, -8.472341930444716e-06, -3.9697203950255335e-05,
  -8.472341930444716e-06, 0.010131049446744606, 2.53018743892493e-05, -3.969720395025447e-05,
  2.5301874389249517e-05, 0.010198803920755893]
sensitivities: [0.009921517836499354, 0.009901468029761263, 0.009985202648093364]
