# autogenerated: Do not edit #
bias_simple: [12.545220263361127, 2.357049216424695, 18.58034874184402]
bias_w_sensitivity: [12.590304013300544, 2.3748102373240068, 18.59429587557133]
elipsoid_center: [12.675754097011339, 2.149997747667233, 18.559979291927988]
elipsoid_transformation: [0.010162440793024093, -2.6191357331527276e-05, -5.206889199409637e-06,
  -2.6191357331528144e-05, 0.01023608004121649, 5.030395528883829e-05, -5.206889199409204e-06,
  5.030395528883786e-05, 0.01021826345208304]
sensitivities: [0.009931841102172496, 0.009978011365463875, 0.009952370495478785]
