# autogenerated: Do not edit #
bias_simple: [12.9169888679641, 2.5156681873219924, -50.12920580839298]
bias_w_sensitivity: [13.088722039333666, 2.52276675559613, -60.65849628107103]
elipsoid_center: [13.306292801838474, 2.556965160701351, -55.60614153977938]
elipsoid_transformation: [0.018763719383140733, 1.1636613695125298e-05, -0.0006238933092405889,
  1.1636613695125081e-05, 0.01876666798922117, -8.6246324896395e-05, -0.0006238933092405889,
  -8.624632489639505e-05, 0.02647871990558433]
sensitivities: [0.016780690672536742, 0.01669865606256115, .nan]
