# autogenerated: Do not edit #
bias_simple: [59.45486185502612, -15.930839237695707, -187.23554108119805]
bias_w_sensitivity: [55.58260379057859, -14.38721756084379, -90.1012285061425]
elipsoid_center: [52.890205749389416, -11.216586431271061, -69.4469658783038]
elipsoid_transformation: [0.010297921017310158, 0.0005859458331069994, -0.00014760730323131973,
  0.0005859458331069994, 0.011890793567004003, -0.0005715124408247755, -0.00014760730323131973,
  -0.0005715124408247753, 0.015764575090083083]
sensitivities: [0.017399825317224896, 0.018714795819610983, .nan]
