# autogenerated: Do not edit #
bias_simple: [12.542104501435569, 2.34202459675107, 18.56803047126705]
bias_w_sensitivity: [12.58397093317206, 2.3598590676521876, 18.585157436503447]
sensitivities: [0.00993377596249244, 0.009976922426837025, 0.00995114996701493]
