# autogenerated: Do not edit #
bias_simple: [59.882263181405726, -16.1281056596003, -191.12684311330716]
bias_w_sensitivity: [56.688108283291925, -15.084317918544256, -89.58368262271343]
elipsoid_center: [53.38191334646172, -12.482669760655199, -73.12053445693361]
elipsoid_transformation: [0.009448931233577597, 0.0005253547645481969, -0.0001564859230474012,
  0.0005253547645481965, 0.010961680021134023, -0.0003656642142460481, -0.00015648592304740125,
  -0.0003656642142460481, 0.014496541983938065]
sensitivities: [0.017462691835423354, 0.018912477623923906, .nan]
