# autogenerated: Do not edit #
bias_simple: [13.88274030395982, 1.3055106348178498, -70.23960102565411]
bias_w_sensitivity: [13.882090383369508, 1.3090550183132468, -62.18568136472911]
elipsoid_center: [13.72554688063249, 1.2783346252327465, -67.23965355719803]
elipsoid_transformation: [0.013719426757228315, -9.499812262100081e-06, -0.000301544482844812,
  -9.499812262101816e-06, 0.013710594499020174, -4.476069877194569e-05, -0.000301544482844812,
  -4.4760698771945605e-05, 0.019377681159104765]
sensitivities: [0.01589335645500793, 0.015866399887485165, .nan]
